[gd_scene load_steps=2 format=3 uid="uid://cnywb7a5nq0q6"]

[ext_resource type="PackedScene" uid="uid://dqdrihkiouy1o" path="res://Assets/3D Models/HH_Art_locks_openAnim_V1.fbx" id="1_1w403"]

[node name="HH_Art_locks_openAnim_V1" instance=ExtResource("1_1w403")]

[node name="Lock1" parent="locks" index="0"]
transform = Transform3D(-0.9983521, 0, -0.05738696, 0, 1, 0, 0.05738696, 0, -0.9983521, -514.2344, 0, -72.308876)

[node name="LockArm_2" parent="locks/Lock1" index="3"]
transform = Transform3D(0.9830979, 0.009976666, -0.18280783, 0.025663171, -0.99616504, 0.083645254, -0.18127225, -0.08692291, -0.979584, -32.0918, 223.02042, -103.97558)

[node name="LockArm_22" parent="locks/Lock" index="3"]
transform = Transform3D(1, 0, 0, 0, 0.99012685, -0.14017436, 0, 0.14017436, 0.99012685, -0.9169814, -5.5086484, -15.696307)
