[gd_scene load_steps=0 format=3 uid="uid://cdr7oaos8tipp"]

[node name="Pulley" type="Node3D"]

[node name="CSGCylinder3D" type="CSGCylinder3D" parent="."]
transform = Transform3D(1, 0, 0, 0, -4.371139e-08, -1, 0, 1, -4.371139e-08, 0, 0, 0)
radius = 0.16113281
height = 0.087768555

[node name="CSGCylinder3D" type="CSGCylinder3D" parent="CSGCylinder3D"]
transform = Transform3D(-0.0005690849, 0.22101107, 0.97527105, -0.9999997, 0.0005991064, -0.0007192775, -0.00074325735, -0.97527117, 0.22101077, 0.17320192, -4.4584274e-05, -0.82984114)
radius = 0.022949219
height = 1.8515625

[node name="CSGCylinder3D4" type="CSGCylinder3D" parent="CSGCylinder3D"]
transform = Transform3D(4.1682426e-09, 0.0636614, -0.99797153, -1.0000001, -4.2713804e-08, -6.90146e-09, -4.3066517e-08, 0.9979716, 0.0636614, -0.12418568, -4.4584274e-05, -1.2311813)
radius = 0.022949219
height = 2.5170898

[node name="CSGCylinder3D3" type="CSGCylinder3D" parent="CSGCylinder3D"]
transform = Transform3D(8.588276e-09, 0.074543685, -0.9972177, -1.0000001, -4.1196884e-08, -1.1691771e-08, -4.1953815e-08, 0.9972178, 0.074543625, 0.4909265, -9.6867865e-09, -1.0817441)
radius = 0.022949219
height = 1.2772064

[node name="CSGCylinder3D2" type="CSGCylinder3D" parent="CSGCylinder3D"]
transform = Transform3D(1, 0, 0, 0, 1, 0, 0, 0, 1, 0.37955874, 0, -1.778757)
radius = 0.16113281
height = 0.087768555
